0.091235 0.909635 -0.405266
0.039672 -0.088388 0.995296
-0.857653 0.011015 -0.514111
-0.064523 0.26288 -0.962669
0.600808 -0.516788 -0.609885
0.236537 0.824989 0.513266
-0.483173 -0.400173 -0.77872
0.137722 -0.188849 -0.972301
-0.040226 0.498257 0.866096
0.418382 0.538591 -0.731352
0.022505 0.228989 0.973169
-0.144596 0.971436 -0.188158
0.419737 0.282924 -0.862424
0.84603 -0.25577 -0.467776
-0.775313 -0.390895 0.496075
0.899363 0.384541 0.208025
-0.001945 0.714069 -0.700073
0.795212 0.028502 0.605661
-0.987096 0.159073 -0.018379
-0.915492 0.251172 -0.314304
0.589054 -0.749161 -0.302941
-0.269701 0.943839 0.190863
0.50831 -0.449257 0.734703
0.302658 0.058783 0.951285
0.670461 -0.222151 -0.707906
-0.3822 -0.720368 0.578786
0.314098 0.35598 0.880125
-0.31284 0.815636 0.486692
-0.41624 0.905753 -0.079728
-0.055993 -0.863437 0.501339
0.79021 0.477442 -0.38421
0.414873 0.85306 -0.316496
-0.70925 -0.213372 -0.671891
0.429772 -0.045802 -0.901775
0.66345 -0.706041 0.24767
-0.491709 -0.193532 0.84898
0.737755 0.665873 0.111047
-0.756295 0.31722 -0.57218
-0.442911 -0.648112 -0.6195
-0.529294 -0.76708 -0.362541
-0.315905 0.681675 -0.659942
-0.269448 -0.928359 -0.256022
-0.185404 -0.599495 -0.778608
0.842788 0.051248 -0.5358
-0.360849 0.169622 -0.91707
0.542196 -0.840252 -0.000593
-0.571612 0.648954 0.502115
-0.024578 0.918526 0.394596
0.987638 0.156485 -0.009155
0.585037 0.412482 0.698276
0.716739 0.567175 0.405706
0.279892 -0.285582 0.916571
0.262254 -0.963991 0.044096
0.320935 -0.913661 -0.24945
0.224115 -0.809319 0.542931
-0.87506 0.475588 -0.089923
0.922161 0.225364 -0.314373
-0.500043 0.385888 -0.775272
-0.29739 -0.510316 0.806931
-0.986701 -0.131143 0.096033
-0.488694 0.798008 -0.352648
0.22446 0.607589 0.761875
0.505391 -0.679315 0.532082
-0.575072 0.39982 0.713748
0.728307 -0.256251 0.635535
-0.749049 0.629991 0.205029
0.902554 -0.206137 0.378027
-0.328981 0.605746 0.724461
-0.576961 0.588639 -0.566234
0.003481 -0.993559 -0.113261
0.3825 -0.873544 0.301022
0.21286 0.969303 -0.123057
-0.972092 -0.068474 -0.224386
-0.203347 -0.325741 -0.923332
0.65166 0.090512 -0.753091
0.376364 -0.769063 -0.516617
0.809531 0.298297 0.505647
0.768216 -0.525655 -0.365419
-0.759581 -0.645845 0.076954
-0.546568 0.114152 0.829598
-0.868945 -0.298669 -0.394628
0.24647 -0.5951 0.764924
-0.208552 -0.822408 -0.529293
0.680216 0.70763 -0.191222
0.919625 -0.365111 -0.144862
0.578862 0.149008 0.801695
-0.307766 0.341601 0.888025
-0.453671 -0.118603 -0.883242
-0.762642 -0.605307 -0.227995
-0.649231 0.090691 -0.755165
0.079158 -0.467265 -0.880567
-0.063647 -0.68323 0.727424
0.569256 0.655987 -0.49561
0.473032 0.65299 0.591476
0.263367 0.940474 0.214818
0.035997 -0.971308 0.235083
-0.937491 0.128196 0.323537
0.967636 -0.073742 -0.241334
0.685082 0.359603 -0.633521
-0.257982 0.059826 0.964296
0.494333 0.869268 0.002996
0.326297 -0.586941 -0.740966
-0.049096 0.745689 0.664483
-0.219869 -0.243276 0.944709
-0.535619 -0.816677 0.214826
0.743205 -0.492777 0.452566
0.985792 -0.149936 0.075722
-0.132696 -0.043498 -0.990202
0.268628 0.757605 -0.594873
0.517479 0.796854 0.311832
-0.781494 0.15228 0.605043
0.53058 -0.13916 0.836134
-0.254092 -0.965712 0.053262
-0.755309 0.559228 -0.34172
-0.289247 -0.8942 0.341675
-0.776104 0.422218 0.468397
0.016743 -0.430195 0.902581
-0.004918 0.996985 0.077445
-0.20314 0.863669 -0.461313
-0.921166 -0.376959 -0.096724
0.949205 0.085862 0.302716
0.87854 -0.446059 0.170874
-0.692794 -0.501554 -0.518151
0.072956 -0.742568 -0.665786
-0.560628 -0.460386 0.688288
0.772736 -0.632605 -0.051868
0.883759 0.45994 -0.08617
-0.647685 -0.640923 0.411972
0.143198 0.483831 -0.863366
0.184767 0.127154 -0.974522
-0.537466 -0.839594 -0.078818
0.41159 -0.332946 -0.848375
-0.725532 -0.13319 0.675177
-0.531936 0.816613 0.224024
-0.906011 0.379036 0.188352
-0.198373 0.49068 -0.848458
-0.884086 -0.416507 0.211932
-0.903616 -0.13904 0.405149
-0.673311 0.73431 -0.086264
0.062795 -0.910973 -0.407657
